0.000000000000000000e+00 5.788959452857840304e-01
1.112319999999999975e-03 5.798729848558865640e-01
1.290752000000000045e-03 4.938935026868587208e-01
1.445632000000000080e-03 3.649242794333169559e-01
1.598464000000000178e-03 2.252076209086468772e-01
1.750784000000000021e-03 9.916951636541271320e-02
1.902336000000000131e-03 1.807523204689798213e-02
2.053120000000000292e-03 4.885197850512668083e-04
2.203392000000000198e-03 4.543234000977047771e-02
2.353920000000000231e-03 1.480214948705422806e-01
2.503680000000000315e-03 2.838299951148022249e-01
2.660608000000000070e-03 4.274548119198826601e-01
2.810368000000000154e-03 5.368832437713726424e-01
2.959872000000000111e-03 5.945285784074254565e-01
3.108864000000000245e-03 5.896433805569125663e-01
3.257600000000000252e-03 5.192965315095261492e-01
3.406592000000000387e-03 4.040058622374205211e-01
3.556096000000000344e-03 2.652662432828529759e-01
3.704064000000000401e-03 1.343429408891059218e-01
3.852800000000000408e-03 3.957010258915483192e-02
4.001280000000000288e-03 4.885197850512668083e-04
4.154112000000000603e-03 2.491450903761593949e-02
4.313599999999999900e-03 1.196873473375672514e-01
4.472576000000000676e-03 2.584269662921347965e-01
4.631296000000000024e-03 4.342940889106008395e-01
4.824064000000000303e-03 5.456765999022961111e-01
4.983552000000000468e-03 5.984367366878358130e-01
5.520640000000000269e-03 2.848070346849047585e-01
5.697792000000000134e-03 1.343429408891059218e-01
5.868288000000000150e-03 2.784562774792376239e-02
6.035200000000000113e-03 4.885197850512668083e-04
6.200320000000000484e-03 4.640937957987301132e-02
6.366720000000000192e-03 1.646311675622862403e-01
6.526464000000000050e-03 3.053248656570590747e-01
6.680320000000000008e-03 4.440644846116268418e-01
6.831104000000000169e-03 5.486077186126037120e-01
6.984448000000000739e-03 6.003908158280411023e-01
7.188224000000000870e-03 5.544699560332193577e-01
7.362304000000000070e-03 4.323400097703957723e-01
7.530752000000000800e-03 2.857840742550072921e-01
7.680256000000000756e-03 1.538837322911577044e-01
7.827200000000001170e-03 5.031753786028336783e-02
7.985408000000001130e-03 4.885197850512668083e-04
8.147456000000000836e-03 2.296042989741087226e-02
8.300032000000000590e-03 1.069858329262334262e-01
8.449024000000001158e-03 2.320468978993648346e-01
8.598015999999999992e-03 3.707865168539326017e-01
8.746240000000000611e-03 4.938935026868587208e-01
8.895744000000000568e-03 5.769418661455789632e-01
9.053440000000001139e-03 5.984367366878358130e-01
9.206016000000000893e-03 5.486077186126037120e-01
9.575168000000000221e-03 2.212994626282365207e-01
9.756416000000000394e-03 9.428431851489982307e-02
9.906944000000000861e-03 1.709819247679522647e-02
1.005593600000000143e-02 4.885197850512668083e-04
1.048985600000000053e-02 2.799218368343918684e-01
1.065062400000000090e-02 4.196384953590619471e-01
1.080243200000000070e-02 5.319980459208597523e-01
1.095244800000000004e-02 5.935515388373229229e-01
1.127808000000000109e-02 5.017098192476794338e-01
1.143552000000000110e-02 3.756717147044454919e-01
1.158604800000000157e-02 2.369320957498779467e-01
1.173529600000000096e-02 1.108939912066437827e-01
1.188454400000000036e-02 2.491450903761593949e-02
1.209344000000000044e-02 6.350757205666912597e-03
1.224422400000000147e-02 7.083536883243768401e-02
1.239449600000000137e-02 1.831949193942354892e-01
1.254374400000000077e-02 3.209574987787005007e-01
1.269248000000000078e-02 4.538348803126526221e-01
1.287577600000000023e-02 5.701025891548607838e-01
1.303193600000000091e-02 5.984367366878358130e-01
1.318809600000000158e-02 5.574010747435271806e-01
1.333939200000000026e-02 4.596971177332682679e-01
1.386214400000000159e-02 2.784562774792376239e-02
1.403084800000000028e-02 4.885197850512668083e-04
1.418368000000000059e-02 3.761602344894976468e-02
1.433472000000000045e-02 1.343429408891059218e-01
1.450444800000000138e-02 2.848070346849047585e-01
1.465395200000000134e-02 4.215925744992672364e-01
1.480345600000000129e-02 5.319980459208597523e-01
1.495270400000000069e-02 5.935515388373229229e-01
1.510169600000000126e-02 5.896433805569125663e-01
1.525094400000000065e-02 5.241817293600390393e-01
1.540121600000000056e-02 4.088910600879336332e-01
1.555046400000000169e-02 2.701514411333658661e-01
1.569945600000000052e-02 1.392281387396190340e-01
1.584844800000000109e-02 4.152418172936012120e-02
1.599718400000000110e-02 4.885197850512668083e-04
1.614643200000000223e-02 2.002931118710304936e-02
1.629542399999999933e-02 1.030776746458230697e-01
1.644441599999999989e-02 2.281387396189544781e-01
1.659340800000000046e-02 3.659013190034197116e-01
1.674240000000000103e-02 4.909623839765511200e-01
1.689164800000000216e-02 5.749877870053736739e-01
1.706265600000000243e-02 5.955056179775279901e-01
1.721267200000000178e-02 5.466536394723986447e-01
1.736191999999999944e-02 4.411333659013190189e-01
1.751296000000000103e-02 3.033707865168540074e-01
1.766220800000000216e-02 1.685393258426965968e-01
1.781145599999999982e-02 6.106497313141190375e-02
1.796070400000000095e-02 4.396678065461623319e-03
1.810918400000000039e-02 8.304836345871979830e-03
1.825817600000000096e-02 7.767464582315586341e-02
1.840691200000000097e-02 1.929653150952612695e-01
1.855641600000000266e-02 3.326819736199315702e-01
1.870515200000000267e-02 4.636052760136786244e-01
1.885388800000000267e-02 5.603321934538347815e-01
1.900262400000000268e-02 5.984367366878358130e-01
1.915724800000000172e-02 5.720566682950658510e-01
1.930624000000000229e-02 4.851001465559354742e-01
1.945497600000000230e-02 3.590620420127015322e-01
1.961113600000000123e-02 2.154372252076208749e-01
1.976601600000000084e-02 8.939912066438693294e-02
1.991526400000000196e-02 1.416707376648762562e-02
2.006348800000000085e-02 1.465559355153800425e-03
2.021478399999999953e-02 5.520273571079625796e-02
2.037196800000000071e-02 1.646311675622862403e-01
2.052275200000000174e-02 2.994626282364436509e-01
2.067174400000000231e-02 4.362481680508061288e-01
2.082073600000000288e-02 5.407914020517829989e-01
2.096870400000000120e-02 5.955056179775279901e-01
2.111744000000000121e-02 5.867122618466047435e-01
2.126566400000000009e-02 5.134342940889105034e-01
2.141440000000000010e-02 3.961895456765998080e-01
2.156236800000000189e-02 2.594040058622373301e-01
2.171187200000000012e-02 1.275036638983879644e-01
2.186035200000000303e-02 3.468490473864194179e-02
2.200832000000000135e-02 4.885197850512668083e-04
